SetPrintFormattingStatus("*stdout*", false);;
perms3 := [
  (14,15,12,16)(41,51,21,61),
  (21,25,23,26)(12,52,32,62),
  (32,35,34,36)(23,53,43,63),
  (43,45,41,46)(34,54,14,64),
  (51,54,53,52)(15,45,35,25),
  (61,62,63,64)(16,26,36,46)
  ];;
perms4 := [
  (146,154,125,162)(461,541,251,621)(614,415,512,216),
  (216,251,235,263)(162,512,352,632)(621,125,523,326),
  (326,352,345,364)(263,523,453,643)(632,235,534,436),
  (436,453,415,461)(364,534,154,614)(643,345,541,146),
  (512,541,534,523)(125,415,345,235)(251,154,453,352),
  (614,621,632,643)(146,216,326,436)(461,162,263,364)
  ];;
perms5 := [
  perms3[1]*perms4[1],
  perms3[2]*perms4[2],
  perms3[3]*perms4[3],
  perms3[4]*perms4[4],
  perms3[5]*perms4[5],
  perms3[6]*perms4[6]
  ];;
puzzle5 := Group( perms5 );;
Size( puzzle5 );;
hom5:=EpimorphismFromFreeGroup(puzzle5:names:=["V", "R", "H", "L", "O", "U"]);;
t7 := [15,16,14,12,51,23,25,26,32,34,35,36,61,43,45,46,41,52,53,54,21,62,63,64];;
t8 := [12,14,15,16,21,23,25,26,32,34,35,36,41,43,45,46,51,52,53,54,61,62,63,64];;
t11 := [154,162,146,125,512,235,541,263,326,345,352,364,614,436,453,621,415,523,534,461,216,251,632,643];;
t12 := [125,146,154,162,216,235,251,263,326,345,352,364,415,436,453,461,512,523,534,541,614,621,632,643];;
t13 := Concatenation(t7,t11);;
t14 := Concatenation(t8,t12);;
perm5 := MappingPermListList(t14,t13);;
word5 := PreImagesRepresentative(hom5,perm5);;
extrep5 := ExtRepOfObj(word5);;
Print("extrep=",extrep5,"\n");
